Data_Preparation:
  test_size: 0.2
  random_state: 42

Train:
  Random_Forest:
    n_estimators: 197
    criterion: "squared_error"
    max_depth: 13
    max_features: null
    min_samples_split: 2
    min_samples_leaf: 5
    max_samples: 0.9626975055628908
    verbose: 1
    n_jobs: -1

  LightGBM:
    n_estimators: 154
    max_depth: 39
    learning_rate: 0.10623584205746522
    subsample: 0.7652027105163016
    min_child_weight: 5
    min_split_gain: 0.021145497888509057
    reg_lambda: 32.27542190982739
    n_jobs: -1